0.999999702 -0.000713730 -0.000297402 -0.000337971 0.000714232 0.999998271 0.001693075 -0.000704958 0.000296193 -0.001693287 0.999998450 0.034714792
0.999997377 -0.001993632 -0.001119491 -0.000550101 0.001995660 0.999996424 0.001813416 -0.001333236 0.001115872 -0.001815645 0.999997675 0.069483623
0.999994397 -0.003260038 -0.000752482 -0.001095599 0.003260708 0.999994278 0.000890670 -0.002006346 0.000749574 -0.000893119 0.999999344 0.104061715
0.999993145 -0.003689094 -0.000374217 -0.002010482 0.003689363 0.999992907 0.000721299 -0.002471569 0.000371553 -0.000722675 0.999999583 0.138881177
0.999991357 -0.004120555 -0.000498143 -0.002084742 0.004121316 0.999990284 0.001536170 -0.002965236 0.000491808 -0.001538210 0.999998629 0.174335524
0.999985397 -0.005400542 0.000125826 -0.003202639 0.005400158 0.999981284 0.002879428 -0.003617368 -0.000141374 -0.002878706 0.999995828 0.208229035
0.999988973 -0.004668977 -0.000559239 -0.002587370 0.004670964 0.999982595 0.003605373 -0.004629868 0.000542396 -0.003607945 0.999993324 0.242739290
0.999988616 -0.004224048 -0.002243475 -0.002286471 0.004229471 0.999988198 0.002417893 -0.005433607 0.002233235 -0.002427354 0.999994516 0.278928936
0.999999464 -0.000339936 0.001032918 -0.005167847 0.000341100 0.999999344 -0.001126605 -0.005388913 -0.001032535 0.001126956 0.999998868 0.311543792
0.999994814 0.002569396 0.001950522 -0.006382195 -0.002565881 0.999995112 -0.001802737 -0.005893485 -0.001955144 0.001797722 0.999996483 0.344948679
0.999989390 0.004530594 -0.000820239 -0.004621256 -0.004531633 0.999988914 -0.001269561 -0.007182346 0.000814478 0.001273265 0.999998868 0.383027136
0.999984741 0.005125999 -0.002050613 -0.004635878 -0.005126628 0.999986768 -0.000301566 -0.008009743 0.002049041 0.000312074 0.999997914 0.419235945
0.999995470 0.003032449 0.000023662 -0.005707010 -0.003032496 0.999992669 0.002359599 -0.008748889 -0.000016506 -0.002359660 0.999997199 0.454122484
0.999999642 -0.000682682 -0.000466485 -0.005551887 0.000684441 0.999992609 0.003776519 -0.008993959 0.000463903 -0.003776837 0.999992788 0.490575492
0.999995053 -0.003167160 0.000032633 -0.006962511 0.003167072 0.999992073 0.002419150 -0.009997150 -0.000040295 -0.002419034 0.999997020 0.525931537
0.999983609 -0.005624483 -0.001075548 -0.006516465 0.005625622 0.999983609 0.001058897 -0.010859398 0.001069575 -0.001064931 0.999998868 0.560633063
0.999997079 -0.002135747 -0.001209476 -0.005730760 0.002134643 0.999997377 -0.000913204 -0.011111079 0.001211423 0.000910618 0.999998808 0.596540511
0.999999762 -0.000556528 0.000481607 -0.007928050 0.000556007 0.999999225 0.001081265 -0.011843956 -0.000482209 -0.001080997 0.999999344 0.631567895
0.999997556 0.002104217 -0.000729621 -0.006871449 -0.002101240 0.999989510 0.004058287 -0.012593435 0.000738153 -0.004056744 0.999991536 0.668609083
0.999995351 -0.002876858 0.000996135 -0.008131084 0.002870294 0.999974549 0.006530085 -0.013412194 -0.001014896 -0.006527195 0.999978185 0.703072965
0.999969780 -0.007447362 0.002229080 -0.010863632 0.007437783 0.999963224 0.004275305 -0.013260251 -0.002260838 -0.004258596 0.999988377 0.737599790
0.999967575 -0.007605721 0.002651804 -0.012819039 0.007600867 0.999969423 0.001835285 -0.012269650 -0.002665682 -0.001815070 0.999994814 0.770486712
0.999975860 -0.006720838 0.001749419 -0.010147481 0.006719873 0.999977350 0.000556755 -0.016206188 -0.001753121 -0.000544986 0.999998331 0.809213936
0.999985814 -0.004928124 0.001979809 -0.009789229 0.004930617 0.999987006 -0.001256609 -0.014495034 -0.001973591 0.001266352 0.999997258 0.846111119
0.999988198 0.003668056 0.003147832 -0.008561909 -0.003668954 0.999993145 0.000279348 -0.022773102 -0.003146786 -0.000290895 0.999995053 0.875919878
0.999996841 -0.001852606 0.001660747 -0.010109757 0.001856736 0.999995172 -0.002489005 -0.016932888 -0.001656128 0.002492080 0.999995589 0.918997288
0.999989152 -0.004105876 0.002203352 -0.012463417 0.004107998 0.999991059 -0.000959026 -0.016645765 -0.002199395 0.000968067 0.999997139 0.956449330
0.999993742 -0.002491460 0.002521584 -0.012365820 0.002491796 0.999996901 -0.000129894 -0.017239092 -0.002521252 0.000136177 0.999996841 0.991490483
0.999991655 0.000394217 0.004075519 -0.015011379 -0.000394153 1.000000000 -0.000016569 -0.017741343 -0.004075525 0.000014962 0.999991775 1.028118491
0.999986470 0.002729186 0.004431320 -0.016630035 -0.002728084 0.999996245 -0.000254624 -0.018549655 -0.004431998 0.000242532 0.999990225 1.066070318
0.999978006 0.005331719 0.003950105 -0.017947346 -0.005333322 0.999985754 0.000395344 -0.019661047 -0.003947940 -0.000416402 0.999992192 1.105195999
0.999982715 0.004352502 0.003949935 -0.019142609 -0.004353464 0.999990463 0.000234974 -0.019557083 -0.003948875 -0.000252165 0.999992192 1.142907858
0.999991655 0.003492744 0.002120178 -0.015292259 -0.003492825 0.999993861 0.000034704 -0.020120140 -0.002120044 -0.000042109 0.999997735 1.175800085
0.999992371 0.002944177 0.002564534 -0.017511457 -0.002941614 0.999995172 -0.001002656 -0.020600792 -0.002567474 0.000995104 0.999996245 1.212615728
0.999997675 0.001115811 0.001800156 -0.019596968 -0.001113226 0.999998331 -0.001435908 -0.020347754 -0.001801756 0.001433901 0.999997318 1.249706507
0.999998987 0.000124122 0.001428044 -0.021645423 -0.000122113 0.999999046 -0.001407460 -0.019704252 -0.001428218 0.001407284 0.999997914 1.287611485
0.999997973 0.001761557 -0.000981824 -0.018354412 -0.001761623 0.999998450 -0.000066346 -0.022267051 0.000981705 0.000068076 0.999999523 1.324094057
0.999999344 0.000577395 -0.000982078 -0.021933472 -0.000577399 0.999999821 -0.000004062 -0.022013832 0.000982076 0.000004629 0.999999523 1.362446785
0.999998450 0.001738390 -0.000102462 -0.026429323 -0.001738428 0.999998391 -0.000365375 -0.020963820 0.000101826 0.000365553 0.999999940 1.402587295
0.999997437 -0.002172191 0.000655557 -0.031717427 0.002172392 0.999997556 -0.000306730 -0.019692929 -0.000654889 0.000308153 0.999999821 1.440290451
0.999970913 -0.007621795 -0.000140725 -0.032832995 0.007621908 0.999970615 0.000819224 -0.021245312 0.000134477 -0.000820272 0.999999642 1.476903081
0.999979079 -0.004628552 -0.004518921 -0.022327187 0.004635363 0.999988079 0.001497736 -0.025019169 0.004511935 -0.001518652 0.999988616 1.511581779
0.999987900 -0.004750391 -0.001225518 -0.030017089 0.004754736 0.999982357 0.003566755 -0.029022999 0.001208551 -0.003572540 0.999992907 1.547024131
0.999963641 -0.007768918 -0.003519504 -0.025157746 0.007803837 0.999919415 0.010018799 -0.039471418 0.003441384 -0.010045899 0.999943674 1.570785403
0.999825895 -0.014432449 -0.011823752 -0.010769473 0.014493909 0.999881744 0.005128765 -0.028304672 0.011748333 -0.005299245 0.999916971 1.604410887
0.999922991 -0.010479399 -0.006635094 -0.019783229 0.010520378 0.999925613 0.006171500 -0.031199589 0.006569925 -0.006240828 0.999958992 1.644856334
0.999862075 -0.016111368 -0.004024133 -0.023601560 0.016122034 0.999866545 0.002633192 -0.027485710 0.003981172 -0.002697706 0.999988377 1.688213825
0.999818146 -0.017424393 -0.007751488 -0.016927188 0.017468547 0.999831319 0.005665715 -0.035557274 0.007651459 -0.005800092 0.999953866 1.734485388
0.999913931 -0.012801862 -0.002878088 -0.025311168 0.012809776 0.999914229 0.002748142 -0.029622370 0.002842659 -0.002784774 0.999992013 1.759033561
0.999873459 -0.014894026 -0.005592953 -0.020689793 0.014922330 0.999875903 0.005053745 -0.030625710 0.005516988 -0.005136565 0.999971569 1.788693428
0.999926686 -0.011677634 -0.003206192 -0.024211315 0.011696136 0.999914706 0.005814075 -0.030170122 0.003138024 -0.005851150 0.999977946 1.827607870
0.999987483 -0.004894004 -0.000990419 -0.026653986 0.004898785 0.999976099 0.004881754 -0.030258996 0.000966504 -0.004886546 0.999987543 1.869678020
0.999999821 0.000085099 -0.000552317 -0.026642926 -0.000081697 0.999981105 0.006156940 -0.032871004 0.000552830 -0.006156894 0.999980867 1.905568361
0.999997914 0.001957513 0.000627053 -0.028463172 -0.001960626 0.999985635 0.005002029 -0.032305054 -0.000617253 -0.005003248 0.999987245 1.940061808
0.999992490 0.003843956 0.000496325 -0.028127098 -0.003846254 0.999981523 0.004714912 -0.033252355 -0.000478192 -0.004716787 0.999988735 1.975762367
0.999979675 0.006228229 0.001349866 -0.028645119 -0.006235157 0.999967098 0.005189457 -0.033879597 -0.001317500 -0.005197768 0.999985635 2.007313013
0.999994040 0.002993867 0.001716341 -0.030500671 -0.003001152 0.999986410 0.004257782 -0.033834558 -0.001703570 -0.004262909 0.999989390 2.049946308
0.999997854 -0.001513038 0.001422056 -0.030975126 0.001507070 0.999990106 0.004188726 -0.034305140 -0.001428380 -0.004186575 0.999990165 2.084125280
0.999999464 -0.000173572 0.000977807 -0.030936072 0.000170140 0.999993861 0.003507760 -0.034669671 -0.000978410 -0.003507592 0.999993324 2.119866133
0.999993801 0.001602592 0.003136561 -0.034188405 -0.001609671 0.999996126 0.002255563 -0.034242027 -0.003132934 -0.002260598 0.999992490 2.155502558
0.999992192 -0.003471210 0.001866461 -0.033693358 0.003466591 0.999990880 0.002471813 -0.033807784 -0.001875024 -0.002465324 0.999995112 2.184392691
0.999994576 -0.003282693 -0.000058040 -0.032973688 0.003282895 0.999986887 0.003936913 -0.035917830 0.000045115 -0.003937083 0.999992192 2.222190380
0.999999344 -0.000560422 -0.000972969 -0.033232603 0.000564291 0.999991953 0.003978638 -0.036805406 0.000970731 -0.003979185 0.999991596 2.259668589
0.999988496 -0.004672057 -0.001081155 -0.034898233 0.004677786 0.999974668 0.005361425 -0.036649179 0.001056079 -0.005366422 0.999985039 2.288836956
0.999967337 -0.007417858 -0.003190418 -0.034720689 0.007436871 0.999954462 0.005989033 -0.037977982 0.003145847 -0.006012565 0.999976993 2.325948715
0.999951899 -0.008833330 -0.004259462 -0.035393555 0.008859897 0.999941230 0.006259482 -0.039331473 0.004203919 -0.006296920 0.999971271 2.360259295
0.999952376 -0.008600581 -0.004589597 -0.036103938 0.008626560 0.999946713 0.005670607 -0.039701097 0.004540582 -0.005709930 0.999973357 2.395922422
0.999922156 -0.011311013 -0.005264814 -0.035790510 0.011337623 0.999922991 0.005052505 -0.039996110 0.005207259 -0.005111801 0.999973357 2.431876898
0.999930143 -0.010820606 -0.004744475 -0.036954381 0.010843024 0.999930024 0.004725359 -0.040669248 0.004693011 -0.004776473 0.999977589 2.464254856
0.999926090 -0.010971460 -0.005248912 -0.037082449 0.010995937 0.999928772 0.004657459 -0.042358730 0.005197439 -0.004714830 0.999975383 2.499655247
0.999912441 -0.012290857 -0.004903741 -0.037529361 0.012311743 0.999915183 0.004252163 -0.042575907 0.004851062 -0.004312164 0.999978960 2.532311678
0.999945223 -0.009540187 -0.004301650 -0.037617650 0.009556279 0.999947309 0.003735662 -0.041979432 0.004265784 -0.003776565 0.999983788 2.562506437
0.999921501 -0.011459777 -0.005066058 -0.038324587 0.011486445 0.999920130 0.005266953 -0.041890644 0.005005295 -0.005324730 0.999973238 2.596589327
0.999960184 -0.007785742 -0.004386683 -0.039307818 0.007815011 0.999947071 0.006695401 -0.044114035 0.004334323 -0.006729416 0.999967992 2.637006998
0.999934435 -0.010538938 -0.004492187 -0.039162051 0.010566163 0.999925673 0.006080570 -0.044897608 0.004427771 -0.006127636 0.999971449 2.668792248
0.999938190 -0.010437988 -0.003830391 -0.039688963 0.010454972 0.999935508 0.004441348 -0.045822017 0.003783785 -0.004481120 0.999982834 2.701096296
0.999932289 -0.011235612 -0.003030020 -0.042232931 0.011244228 0.999932766 0.002842408 -0.045988590 0.002997881 -0.002876286 0.999991417 2.736139297
0.999903321 -0.013302438 -0.004051294 -0.043002259 0.013318303 0.999903679 0.003915327 -0.046346702 0.003998821 -0.003968905 0.999984145 2.768653870
0.999896169 -0.014170562 -0.002602365 -0.045419320 0.014184903 0.999883950 0.005578040 -0.047354870 0.002523019 -0.005614375 0.999981105 2.799073935
0.999861300 -0.016380128 -0.003010617 -0.042695805 0.016396418 0.999850631 0.005466884 -0.047481883 0.002920619 -0.005515490 0.999980509 2.842649937
0.999844432 -0.017552841 -0.001744721 -0.043856282 0.017559661 0.999837935 0.003973135 -0.047504600 0.001674698 -0.004003155 0.999990582 2.875934601
0.999885499 -0.015075155 -0.001299127 -0.043809772 0.015077008 0.999885261 0.001425091 -0.048311148 0.001277494 -0.001444514 0.999998152 2.909390450
0.999933124 -0.011566771 0.000153073 -0.043690134 0.011566876 0.999932766 -0.000682493 -0.049132183 -0.000145169 0.000684218 0.999999762 2.941016912
0.999952555 -0.009685870 0.001042098 -0.044449922 0.009686473 0.999952912 -0.000572901 -0.049938224 -0.001036500 0.000582968 0.999999285 2.977330208
0.999964535 -0.007921163 0.002852437 -0.045610592 0.007916211 0.999967098 0.001743590 -0.050881311 -0.002866155 -0.001720947 0.999994397 3.010192871
0.999964595 -0.006852813 0.004884606 -0.047923818 0.006841702 0.999973953 0.002288457 -0.050500907 -0.004900161 -0.002254958 0.999985456 3.044699669
0.999947906 -0.009131497 0.004570450 -0.047278434 0.009111039 0.999948382 0.004477159 -0.052247111 -0.004611098 -0.004435284 0.999979556 3.078386307
0.999944925 -0.008614209 0.005988466 -0.048273224 0.008591916 0.999956012 0.003738767 -0.052874163 -0.006020410 -0.003687109 0.999975085 3.112999439
0.999957025 -0.005280355 0.007620856 -0.048670493 0.005258547 0.999982059 0.002878877 -0.053001359 -0.007635921 -0.002838679 0.999966800 3.146360397
0.999961376 -0.003461626 0.008071301 -0.047184832 0.003433791 0.999988139 0.003460007 -0.054152548 -0.008083179 -0.003432158 0.999961436 3.177790642
0.999951363 -0.002839107 0.009447329 -0.048067227 0.002815783 0.999993026 0.002481154 -0.054559011 -0.009454305 -0.002454432 0.999952257 3.212138176
0.999933660 0.000540937 0.011507457 -0.049354181 -0.000554589 0.999999166 0.001183147 -0.055778660 -0.011506807 -0.001189450 0.999933064 3.245747566
0.999925077 -0.001852069 0.012100201 -0.049499594 0.001836936 0.999997616 0.001261555 -0.055899054 -0.012102507 -0.001239233 0.999925971 3.279225588
0.999920070 -0.002137854 0.012463014 -0.048548851 0.002111971 0.999995649 0.002089532 -0.055961274 -0.012467424 -0.002063043 0.999920189 3.313604116
0.999905050 -0.003702877 0.013273153 -0.048024319 0.003656935 0.999987245 0.003483832 -0.057051614 -0.013285882 -0.003434962 0.999905825 3.345752716
0.999889791 -0.004801006 0.014050075 -0.048050206 0.004750905 0.999982357 0.003597121 -0.057359394 -0.014067094 -0.003529974 0.999894798 3.379222631
0.999890268 -0.004987188 0.013946292 -0.048141316 0.004950064 0.999984086 0.002695121 -0.057930473 -0.013959511 -0.002625790 0.999899089 3.412503958
0.999886036 -0.006651658 0.013548959 -0.047706489 0.006599460 0.999970615 0.003893654 -0.058662605 -0.013574461 -0.003803795 0.999900639 3.446480751
0.999878705 -0.008085578 0.013312471 -0.048007376 0.008042855 0.999962270 0.003259610 -0.059095025 -0.013338324 -0.003152145 0.999906003 3.479704380
0.999880672 -0.009879611 0.011870772 -0.047820359 0.009835048 0.999944389 0.003806622 -0.059711542 -0.011907723 -0.003689419 0.999922276 3.514277458
0.999873042 -0.011484038 0.011041369 -0.047874093 0.011431894 0.999923289 0.004774117 -0.060440458 -0.011095348 -0.004647288 0.999927640 3.548344612
0.999866903 -0.013593891 0.009017177 -0.047023199 0.013546461 0.999894202 0.005300341 -0.061510060 -0.009088276 -0.005177485 0.999945283 3.582363367
0.999877453 -0.013474242 0.007968183 -0.047130130 0.013435301 0.999897599 0.004920528 -0.061615251 -0.008033669 -0.004812871 0.999956131 3.615754128
0.999880314 -0.013687171 0.007205210 -0.047735631 0.013654302 0.999896228 0.004591274 -0.062183052 -0.007267304 -0.004492343 0.999963522 3.650276661
0.999885380 -0.013720041 0.006404495 -0.048118778 0.013690504 0.999895573 0.004633024 -0.063164294 -0.006467392 -0.004544813 0.999968827 3.684271812
0.999862850 -0.015616371 0.005505986 -0.048287697 0.015603455 0.999875367 0.002380676 -0.063853987 -0.005542477 -0.002294437 0.999982059 3.717841625
0.999756336 -0.021593658 0.004572421 -0.048334278 0.021583594 0.999764562 0.002239211 -0.064330503 -0.004619697 -0.002139976 0.999987066 3.750688553
0.999594390 -0.028312907 0.003079821 -0.047995701 0.028300833 0.999591827 0.003896867 -0.064817429 -0.003188896 -0.003808125 0.999987602 3.787031651
0.999354064 -0.035915837 0.001264974 -0.047847237 0.035908390 0.999340057 0.005484323 -0.065313749 -0.001461113 -0.005435357 0.999984086 3.821395397
0.999218702 -0.039520390 -0.000600484 -0.047146238 0.039521486 0.999216795 0.001938978 -0.065663777 0.000523384 -0.001961195 0.999997973 3.853879690
0.999250531 -0.038681205 0.001443768 -0.048807859 0.038682517 0.999251068 -0.000889909 -0.066545159 -0.001408264 0.000945091 0.999998569 3.888609171
0.999377251 -0.035207652 0.002319841 -0.049370009 0.035214223 0.999375582 -0.002852255 -0.067362167 -0.002217972 0.002932171 0.999993205 3.922345638
0.999393106 -0.034652777 0.003531891 -0.049779113 0.034663111 0.999394774 -0.002909396 -0.068211935 -0.003428935 0.003030057 0.999989569 3.955545664
0.999254823 -0.038443539 0.003444239 -0.049395170 0.038441136 0.999260604 0.000758214 -0.068917409 -0.003470840 -0.000625249 0.999993801 3.990462542
0.999027252 -0.043812573 0.004996442 -0.050421044 0.043795455 0.999034464 0.003485256 -0.069442786 -0.005144316 -0.003263044 0.999981523 4.022853374
0.998884916 -0.046999518 0.004459342 -0.049813613 0.046978951 0.998885334 0.004607163 -0.069901228 -0.004670904 -0.004392531 0.999979436 4.057428360
0.998820782 -0.048370052 0.004169813 -0.049888361 0.048351578 0.998820603 0.004422658 -0.070423029 -0.004378818 -0.004215825 0.999981523 4.092577457
0.998912513 -0.046318199 0.005326870 -0.050175421 0.046291139 0.998914897 0.005097302 -0.071063690 -0.005557188 -0.004845171 0.999972820 4.126986027
0.999055326 -0.043003138 0.006251021 -0.050274231 0.042977784 0.999067485 0.004134003 -0.071699135 -0.006422967 -0.003861443 0.999971926 4.162038326
0.999242485 -0.038213301 0.007355608 -0.050682571 0.038197901 0.999267638 0.002223028 -0.072354130 -0.007435170 -0.001940376 0.999970496 4.195369244
0.999331832 -0.035587974 0.008326739 -0.050990310 0.035576500 0.999365747 0.001521544 -0.072816283 -0.008375609 -0.001224291 0.999964178 4.229647160
0.999435067 -0.032309473 0.009253921 -0.051602963 0.032290585 0.999476135 0.002184087 -0.073456407 -0.009319638 -0.001884039 0.999954820 4.263974667
0.999403775 -0.033598065 0.007950340 -0.051331747 0.033570949 0.999430060 0.003520705 -0.074973866 -0.008064099 -0.003251706 0.999962211 4.299166203
0.999530911 -0.029674111 0.007580426 -0.051120821 0.029676387 0.999559641 -0.000188463 -0.074686021 -0.007571495 0.000413334 0.999971211 4.334661484
0.999612927 -0.027115515 0.006228393 -0.050886378 0.027135335 0.999626875 -0.003120400 -0.074691452 -0.006141456 0.003288202 0.999975741 4.371136189
0.999724925 -0.022458160 0.006758841 -0.052120335 0.022487128 0.999738157 -0.004240839 -0.075613104 -0.006661830 0.004391660 0.999968171 4.405810833
0.999864757 -0.014877786 0.007019748 -0.052264344 0.014906846 0.999880552 -0.004105935 -0.076134205 -0.006957821 0.004210022 0.999966919 4.439126015
0.999854088 -0.015487636 0.007209152 -0.051127352 0.015493784 0.999879658 -0.000797774 -0.077519707 -0.007195927 0.000909355 0.999973714 4.470295906
0.999888122 -0.012845261 0.007664674 -0.051365770 0.012839839 0.999917269 0.000756339 -0.077839136 -0.007673754 -0.000657841 0.999970376 4.504502296
0.999847114 -0.016030192 0.006975728 -0.051378231 0.016020123 0.999870598 0.001496879 -0.078408226 -0.006998819 -0.001384899 0.999974549 4.540537834
0.999860406 -0.015686505 0.005748087 -0.053445980 0.015681632 0.999876618 0.000891714 -0.079550445 -0.005761366 -0.000801450 0.999983072 4.577355862
0.999806762 -0.019349735 0.003469064 -0.053420961 0.019356467 0.999810815 -0.001917467 -0.080217347 -0.003431305 0.001984245 0.999992132 4.612322330
0.999811292 -0.019301781 0.002195791 -0.054607101 0.019314216 0.999796689 -0.005789353 -0.081008136 -0.002083600 0.005830670 0.999980867 4.648497581
0.999870777 -0.016041739 0.001082187 -0.054211821 0.016048472 0.999849916 -0.006529240 -0.080988467 -0.000977284 0.006545763 0.999978125 4.683286667
0.999940276 -0.010910803 0.000623630 -0.052259762 0.010913877 0.999927163 -0.005160734 -0.082940832 -0.000567277 0.005167231 0.999986470 4.715394020
0.999974787 -0.006973934 0.001321734 -0.054162048 0.006977122 0.999972701 -0.002422977 -0.083831914 -0.001304801 0.002432138 0.999996185 4.753031254
0.999988198 -0.004474906 0.001836970 -0.054481931 0.004476510 0.999989629 -0.000871105 -0.084423408 -0.001833053 0.000879318 0.999997914 4.788656235
0.999973416 -0.007207448 0.001095106 -0.054051049 0.007206926 0.999973834 0.000480300 -0.084760100 -0.001098539 -0.000472395 0.999999285 4.824097633
0.999991119 -0.004190911 0.000445812 -0.052895140 0.004190512 0.999990821 0.000892509 -0.087160453 -0.000449549 -0.000890634 0.999999523 4.859213829
0.999931991 -0.011558459 0.001551560 -0.054870982 0.011555525 0.999931455 0.001886681 -0.086633049 -0.001573261 -0.001868624 0.999997020 4.895549297
0.999887168 -0.014979395 0.001150483 -0.054685634 0.014977227 0.999886155 0.001870605 -0.087493397 -0.001178372 -0.001853163 0.999997616 4.930696487
0.999820173 -0.018873319 0.001826816 -0.055111922 0.018867793 0.999817550 0.002994848 -0.087970488 -0.001883005 -0.002959842 0.999993861 4.966697216
0.999768913 -0.021397300 0.002098107 -0.054709218 0.021389218 0.999764025 0.003799923 -0.088121161 -0.002178920 -0.003754167 0.999990582 5.003468990
0.999705076 -0.024125675 0.002757584 -0.055345118 0.024114132 0.999700487 0.004145996 -0.088753209 -0.002856783 -0.004078276 0.999987602 5.039353848
0.999741495 -0.022433557 0.003700670 -0.056429498 0.022433706 0.999748349 0.000000436 -0.089189172 -0.003699749 0.000082583 0.999993145 5.074276924
0.999886692 -0.014604931 0.003616129 -0.056789555 0.014623046 0.999880314 -0.005034543 -0.090119205 -0.003542166 0.005086852 0.999980748 5.111445427
0.999971330 -0.006077758 0.004515746 -0.056397922 0.006100620 0.999968469 -0.005066353 -0.091204390 -0.004484811 0.005093758 0.999976933 5.148951054
0.999984562 0.000951705 0.005468121 -0.056722492 -0.000942902 0.999998212 -0.001612235 -0.091881052 -0.005469646 0.001607054 0.999983668 5.185959816
0.999973357 0.003006210 0.006643222 -0.056953467 -0.003007065 0.999995351 0.000118593 -0.092367455 -0.006642834 -0.000138567 0.999977946 5.222097397
0.999977350 0.001592960 0.006538049 -0.057029158 -0.001596445 0.999998569 0.000527609 -0.092898652 -0.006537200 -0.000538035 0.999978423 5.257483959
0.999987245 -0.001753463 0.004739715 -0.057413667 0.001749745 0.999998152 0.000788479 -0.093888268 -0.004741089 -0.000780175 0.999988437 5.295606613
0.999988019 -0.003287751 0.003618901 -0.057314195 0.003287725 0.999994516 0.000013238 -0.094249196 -0.003618926 -0.000001339 0.999993384 5.332761765
0.999991536 -0.002201944 0.003483431 -0.057484586 0.002203500 0.999997437 -0.000442562 -0.095043503 -0.003482448 0.000450234 0.999993801 5.369591236
0.999995172 -0.000603192 0.003055029 -0.057230372 0.000606423 0.999999225 -0.001056685 -0.095386118 -0.003054389 0.001058532 0.999994695 5.406931877
0.999995708 0.000026151 0.002926585 -0.058298547 -0.000027119 0.999999940 0.000330492 -0.096472457 -0.002926576 -0.000330570 0.999995649 5.443979740
0.999997079 -0.001297121 0.002080614 -0.057241224 0.001295567 0.999998987 0.000748000 -0.097826548 -0.002081582 -0.000745302 0.999997497 5.479761124
0.999993324 -0.001356523 0.003412498 -0.059926171 0.001360663 0.999998450 -0.001210990 -0.097925745 -0.003410850 0.001215624 0.999993443 5.519518852
0.999993742 -0.000281315 0.003520589 -0.061054669 0.000287037 0.999998569 -0.001624948 -0.098750062 -0.003520126 0.001625948 0.999992490 5.556167126
0.999998271 -0.000603357 0.001741958 -0.059645083 0.000605833 0.999998748 -0.001420862 -0.099438973 -0.001741099 0.001421915 0.999997497 5.593109131
0.999998450 0.000043541 0.001762304 -0.060372755 -0.000040073 0.999998033 -0.001967521 -0.099754684 -0.001762386 0.001967447 0.999996483 5.631153107
0.999996603 0.000109140 0.002585917 -0.062009186 -0.000102649 0.999996841 -0.002510258 -0.100156903 -0.002586183 0.002509984 0.999993503 5.667620659
0.999999762 -0.000571668 -0.000250123 -0.060217585 0.000571083 0.999997079 -0.002331606 -0.101848863 0.000251456 0.002331463 0.999997258 5.709269524
0.999999940 -0.000085193 0.000301034 -0.060956631 0.000085882 0.999997318 -0.002290091 -0.102621563 -0.000300839 0.002290116 0.999997318 5.743825436
0.999999285 0.001176430 -0.000283459 -0.060924463 -0.001177249 0.999995053 -0.002906331 -0.102768064 0.000280038 0.002906663 0.999995708 5.782290936
0.999999702 -0.000506264 -0.000613647 -0.060462993 0.000503446 0.999989331 -0.004584752 -0.101492122 0.000615962 0.004584442 0.999989271 5.819622040
0.999997914 -0.001987223 -0.000414677 -0.061735727 0.001986161 0.999994814 -0.002545502 -0.105056688 0.000419733 0.002544673 0.999996662 5.858094215
0.999993563 -0.003535773 -0.000603919 -0.061987046 0.003534093 0.999989986 -0.002761367 -0.105581626 0.000613677 0.002759215 0.999996006 5.896909714
0.999988377 -0.004745658 0.000831672 -0.063879497 0.004747016 0.999987483 -0.001637900 -0.106737249 -0.000823888 0.001641828 0.999998331 5.935400009
0.999991059 -0.004219430 -0.000172458 -0.063089035 0.004219178 0.999989986 -0.001442074 -0.107601501 0.000178541 0.001441334 0.999998927 5.972845554
0.999991179 -0.004164634 -0.000630828 -0.062909029 0.004163544 0.999989748 -0.001720556 -0.108322516 0.000637987 0.001717915 0.999998331 6.011652470
0.999996305 -0.002650288 -0.000619819 -0.063007064 0.002648941 0.999994099 -0.002163421 -0.109390363 0.000625549 0.002161772 0.999997377 6.049639225
0.999998569 -0.001633644 0.000416958 -0.064409994 0.001634214 0.999997735 -0.001371580 -0.110254116 -0.000414717 0.001372259 0.999998987 6.087698460
0.999998510 -0.001258214 0.001186739 -0.065302581 0.001258645 0.999999106 -0.000363309 -0.110234067 -0.001186281 0.000364802 0.999999285 6.127309799
0.999997437 -0.000877427 0.002082849 -0.065613098 0.000876852 0.999999642 0.000276964 -0.111333944 -0.002083091 -0.000275137 0.999997795 6.166060448
0.999996662 -0.001045875 0.002364983 -0.065936662 0.001048006 0.999999046 -0.000900423 -0.112174869 -0.002364039 0.000902899 0.999996781 6.203865051
0.999996245 -0.000527806 0.002688802 -0.066231981 0.000535220 0.999996066 -0.002757654 -0.112788878 -0.002687336 0.002759083 0.999992609 6.242704391
0.999995053 -0.000207263 0.003156721 -0.066587731 0.000213300 0.999998212 -0.001912556 -0.113680564 -0.003156319 0.001913220 0.999993205 6.281854630
0.999994457 -0.000381185 0.003290328 -0.067160800 0.000384888 0.999999285 -0.001124803 -0.114202216 -0.003289897 0.001126064 0.999993980 6.319619179
0.999997735 -0.000289510 0.002137111 -0.066873327 0.000290178 0.999999881 -0.000312070 -0.115487546 -0.002137021 0.000312689 0.999997735 6.358782291
0.999997377 0.001149651 0.002009452 -0.067149200 -0.001148162 0.999999046 -0.000742005 -0.116109177 -0.002010304 0.000739697 0.999997735 6.397562504
0.999996722 0.000969577 0.002373060 -0.068325177 -0.000969175 0.999999523 -0.000171001 -0.116771854 -0.002373224 0.000168700 0.999997199 6.436316490
0.999991179 0.002796414 0.003147736 -0.069220133 -0.002794791 0.999995887 -0.000519906 -0.117398374 -0.003149177 0.000511105 0.999994934 6.474788666
0.999992967 0.003052753 0.002179423 -0.068982132 -0.003050992 0.999994934 -0.000810374 -0.117879100 -0.002181886 0.000803718 0.999997318 6.514300823
0.999995470 0.001717493 0.002471942 -0.069853954 -0.001715628 0.999998271 -0.000756522 -0.118543446 -0.002473236 0.000752277 0.999996722 6.554046154
0.999993622 -0.001687741 0.003144016 -0.070993096 0.001684546 0.999997973 0.001018569 -0.119681053 -0.003145730 -0.001013266 0.999994516 6.592911243
0.999986887 -0.004189628 0.002958132 -0.071062937 0.004185453 0.999990165 0.001415995 -0.119981021 -0.002964036 -0.001403596 0.999994576 6.632834911
0.999993980 -0.001488531 0.003150763 -0.072512552 0.001486656 0.999998689 0.000597623 -0.121988833 -0.003151649 -0.000592935 0.999994874 6.673192501
0.999996781 -0.001051506 0.002269521 -0.072764158 0.001052684 0.999999285 -0.000517997 -0.123455912 -0.002268975 0.000520385 0.999997258 6.711905003
0.999945045 -0.010132807 0.002660805 -0.071824655 0.010127712 0.999947011 0.001920939 -0.122098170 -0.002680128 -0.001893887 0.999994576 6.745956421
0.999953568 -0.008063163 0.005273152 -0.074564844 0.008045449 0.999961972 0.003371864 -0.123452932 -0.005300139 -0.003329283 0.999980450 6.786248684
0.999921858 -0.011598356 0.004658386 -0.074660368 0.011584597 0.999928474 0.002970010 -0.123648062 -0.004692500 -0.002915813 0.999984741 6.824468613
0.999900997 -0.013603642 0.003605274 -0.073542938 0.013598426 0.999906480 0.001467425 -0.123620331 -0.003624899 -0.001418254 0.999992371 6.862613201
0.999923050 -0.011355694 0.004999476 -0.073628277 0.011349764 0.999934852 0.001213127 -0.124612011 -0.005012927 -0.001156290 0.999986768 6.899713039
0.999939203 -0.009220008 0.006059269 -0.074365839 0.009213792 0.999956965 0.001053033 -0.124895446 -0.006068718 -0.000997140 0.999981105 6.939462662
0.999938071 -0.008283245 0.007440967 -0.076165363 0.008280102 0.999965608 0.000453212 -0.125308290 -0.007444466 -0.000391572 0.999972224 6.978661060
0.999955952 -0.004732484 0.008103759 -0.078570187 0.004728364 0.999988735 0.000527529 -0.127405182 -0.008106164 -0.000489188 0.999967039 7.021614075
0.999937773 -0.006784872 0.008852574 -0.076052785 0.006779389 0.999976814 0.000649225 -0.127158731 -0.008856774 -0.000589169 0.999960542 7.054948807
0.999944746 -0.005359954 0.009039512 -0.074657582 0.005373482 0.999984503 -0.001472984 -0.127235711 -0.009031476 0.001521476 0.999957979 7.090405464
0.999920070 -0.007763140 0.009975903 -0.074300826 0.007779973 0.999968410 -0.001649762 -0.127656937 -0.009962779 0.001727242 0.999948859 7.128143787
0.999872386 -0.012380117 0.010094540 -0.075440720 0.012385326 0.999923110 -0.000453735 -0.128007367 -0.010088148 0.000578701 0.999948978 7.168851376
0.999896169 -0.008462714 0.011663387 -0.075738579 0.008458813 0.999964178 0.000383927 -0.129706770 -0.011666217 -0.000285228 0.999931931 7.207924366
0.999878824 -0.010348445 0.011632700 -0.074043185 0.010331647 0.999945462 0.001503328 -0.131060362 -0.011647621 -0.001382961 0.999931276 7.240916252
0.999890029 -0.008581222 0.012095727 -0.075149700 0.008605910 0.999960959 -0.001990515 -0.131557152 -0.012078175 0.002094391 0.999924898 7.282007217
0.999876082 -0.012169708 0.009989413 -0.073760465 0.012194531 0.999922693 -0.002427793 -0.133627921 -0.009959096 0.002549309 0.999947250 7.322471619
0.999904394 -0.008834683 0.010644566 -0.075415649 0.008868804 0.999955654 -0.003162507 -0.134479120 -0.010616154 0.003256609 0.999938369 7.361655235
0.999881089 -0.010941884 0.010865098 -0.076291077 0.010982551 0.999932885 -0.003690384 -0.134520486 -0.010823988 0.003809272 0.999934137 7.400652409
0.999901474 -0.009271223 0.010531606 -0.076276235 0.009323221 0.999944448 -0.004899129 -0.135596842 -0.010485601 0.004996836 0.999932468 7.439071655
0.999900460 -0.009850829 0.010098338 -0.077156067 0.009886903 0.999944866 -0.003528598 -0.137970194 -0.010063021 0.003628089 0.999942720 7.477064133
0.999935746 -0.007785279 0.008241982 -0.075008810 0.007828097 0.999955893 -0.005175904 -0.135976046 -0.008201324 0.005240090 0.999952555 7.516365051
0.999885738 -0.013484407 0.006833102 -0.075639620 0.013504867 0.999904394 -0.002957640 -0.141105279 -0.006792566 0.003049582 0.999972224 7.559563160
0.999949396 -0.006943287 0.007290577 -0.075989813 0.006959483 0.999973297 -0.002198711 -0.139772698 -0.007275116 0.002249337 0.999970973 7.585398197
0.999954700 -0.006932296 0.006524210 -0.076569967 0.006947194 0.999973297 -0.002263305 -0.138503224 -0.006508347 0.002308528 0.999976099 7.627016544
0.999950647 -0.005382029 0.008353128 -0.078001365 0.005396118 0.999984026 -0.001664933 -0.139233366 -0.008344035 0.001709925 0.999963760 7.661324024
0.999938369 -0.006408435 0.009062886 -0.078328796 0.006420399 0.999978542 -0.001291704 -0.141237214 -0.009054415 0.001349812 0.999958098 7.699420452
0.999924541 -0.008184935 0.009157740 -0.077980421 0.008207127 0.999963582 -0.002388251 -0.140990764 -0.009137860 0.002463230 0.999955237 7.741375923
0.999913931 -0.008704718 0.009826522 -0.078325726 0.008728242 0.999959052 -0.002353463 -0.141799539 -0.009805634 0.002439028 0.999948919 7.769978046
0.999865651 -0.011667970 0.011503812 -0.079603426 0.011727708 0.999918044 -0.005139176 -0.142256364 -0.011442907 0.005273400 0.999920666 7.809299469
0.999883115 -0.011470821 0.010111117 -0.078235283 0.011535145 0.999913454 -0.006326562 -0.143484280 -0.010037671 0.006442455 0.999928892 7.858309746
0.999930799 -0.006090431 0.010070520 -0.079986528 0.006180072 0.999941289 -0.008894472 -0.142454848 -0.010015757 0.008956093 0.999909759 7.892716408
0.999939799 -0.009228611 0.005939067 -0.078578345 0.009270329 0.999932289 -0.007035459 -0.145048484 -0.005873737 0.007090094 0.999957621 7.936219692
0.999946713 -0.008829627 0.005350274 -0.078698456 0.008852568 0.999951780 -0.004279519 -0.145670131 -0.005312229 0.004326656 0.999976516 7.973467827
0.999933064 -0.009654585 0.006372394 -0.079305671 0.009658352 0.999953210 -0.000560688 -0.147079736 -0.006366683 0.000622197 0.999979496 8.015113831
0.999920666 -0.010672984 0.006687297 -0.079675883 0.010673605 0.999943018 -0.000057045 -0.147719771 -0.006686306 0.000128418 0.999977648 8.053645134
0.999920785 -0.010383827 0.007109697 -0.079747908 0.010394982 0.999944806 -0.001533851 -0.148403823 -0.007093379 0.001607635 0.999973536 8.093233109
0.999908388 -0.011705316 0.006795613 -0.079411805 0.011714341 0.999930501 -0.001289669 -0.149470106 -0.006780042 0.001369158 0.999976039 8.134444237
0.999900699 -0.012364564 0.006755212 -0.079518877 0.012374434 0.999922395 -0.001421121 -0.149866119 -0.006737117 0.001504572 0.999976158 8.173667908
0.999904037 -0.011586791 0.007589829 -0.079729386 0.011594514 0.999932230 -0.000974377 -0.151253298 -0.007578024 0.001062284 0.999970734 8.213128090
0.999913275 -0.010197078 0.008326462 -0.079859167 0.010218032 0.999944687 -0.002477932 -0.151564538 -0.008300732 0.002562797 0.999962330 8.251968384
0.999916732 -0.009320197 0.008926464 -0.080286272 0.009342666 0.999953270 -0.002478809 -0.153002501 -0.008902945 0.002561999 0.999957085 8.292402267
0.999891698 -0.011169392 0.009576404 -0.080055930 0.011169527 0.999937594 0.000039320 -0.154165640 -0.009576245 0.000067648 0.999954104 8.330642700
0.999885619 -0.011515267 0.009797081 -0.079998329 0.011512734 0.999933720 0.000314960 -0.154715225 -0.009800059 -0.000202133 0.999952018 8.368236542
0.999870300 -0.012658992 0.009957680 -0.080594622 0.012669987 0.999919116 -0.001041952 -0.155482024 -0.009943686 0.001167980 0.999949813 8.409127235
0.999884486 -0.011250281 0.010216565 -0.080572858 0.011259943 0.999936163 -0.000888753 -0.156472206 -0.010205914 0.001003688 0.999947369 8.448067665
0.999900818 -0.007713522 0.011782753 -0.082199171 0.007756615 0.999963403 -0.003616040 -0.157377362 -0.011754429 0.003707075 0.999924004 8.484665871
0.999932468 -0.007272970 0.009076103 -0.080811054 0.007327659 0.999955237 -0.006006922 -0.158319592 -0.009032007 0.006073024 0.999940693 8.526401520
0.999945760 -0.005245076 0.009000681 -0.081632212 0.005294798 0.999970853 -0.005509281 -0.159538701 -0.008971523 0.005556638 0.999944270 8.564228058
0.999954283 -0.003312028 0.008965014 -0.083159722 0.003336598 0.999990761 -0.002727080 -0.160453096 -0.008955899 0.002756868 0.999956071 8.602454185
0.999968350 -0.004100098 0.006804628 -0.081893668 0.004093013 0.999991000 0.001054707 -0.161392242 -0.006808891 -0.001026822 0.999976277 8.642252922
0.999979317 -0.003743960 0.005246340 -0.082196280 0.003746679 0.999992907 -0.000508573 -0.161702380 -0.005244399 0.000528219 0.999986112 8.682830811
0.999986529 -0.003536258 0.003809688 -0.081999123 0.003542298 0.999992430 -0.001579762 -0.163401261 -0.003804073 0.001593236 0.999991477 8.719160080
0.999983430 -0.005469365 0.001789348 -0.082649089 0.005469636 0.999985039 -0.000146846 -0.163974151 -0.001788518 0.000156631 0.999998391 8.758606911
0.999967277 -0.008071056 -0.000560090 -0.081362821 0.008071679 0.999966741 0.001119091 -0.165386215 0.000551040 -0.001123575 0.999999285 8.796977997
0.999970317 -0.007684913 0.000578831 -0.083121516 0.007684811 0.999970436 0.000179926 -0.166084528 -0.000580197 -0.000175473 0.999999821 8.834391594
0.999967396 -0.008071815 0.000127269 -0.083834730 0.008071989 0.999966383 -0.001440390 -0.166264996 -0.000115638 0.001441371 0.999998868 8.874114990
0.999955654 -0.009392812 -0.000639188 -0.083794855 0.009392118 0.999955356 -0.001079224 -0.167361125 0.000649296 0.001073173 0.999999106 8.912646294
0.999956429 -0.009328392 -0.000018146 -0.084256425 0.009328373 0.999956250 -0.000799321 -0.168625310 0.000025602 0.000799116 0.999999642 8.951245308
0.999963343 -0.008557545 0.000099435 -0.084982000 0.008557814 0.999958396 -0.003156219 -0.168092772 -0.000072421 0.003156954 0.999994993 8.990402222
0.999956667 -0.009224971 0.001249240 -0.086476460 0.009230033 0.999948919 -0.004107933 -0.168882921 -0.001211281 0.004119286 0.999990821 9.027922630
0.999947190 -0.010243136 0.000849752 -0.086435929 0.010245407 0.999943793 -0.002713755 -0.170091853 -0.000821907 0.002722318 0.999995947 9.065000534
0.999953449 -0.009640396 0.000132195 -0.086182751 0.009640814 0.999946833 -0.003660802 -0.171367392 -0.000096897 0.003661906 0.999993205 9.105779648
0.999935687 -0.011312666 0.000679164 -0.087440081 0.011316069 0.999922216 -0.005237452 -0.172105998 -0.000619862 0.005244801 0.999985993 9.144649506
0.999938786 -0.011007203 0.001093659 -0.087379843 0.011010339 0.999935150 -0.002905793 -0.173403248 -0.001061604 0.002917657 0.999995172 9.181163788
0.999910712 -0.013357674 0.000091367 -0.087018527 0.013357823 0.999908924 -0.001933587 -0.174493000 -0.000065531 0.001934635 0.999998152 9.220761299
0.999917626 -0.012800974 0.000891221 -0.087663025 0.012803900 0.999912381 -0.003358471 -0.175019890 -0.000848152 0.003369605 0.999993980 9.258040428
0.999928117 -0.011927378 0.001216120 -0.088316970 0.011931916 0.999921620 -0.003794960 -0.175893620 -0.001170761 0.003809198 0.999992132 9.298199654
0.999921918 -0.012463808 0.000823899 -0.088479921 0.012465940 0.999918759 -0.002636758 -0.176855192 -0.000790968 0.002646822 0.999996185 9.336879730
0.999918461 -0.012759453 0.000304622 -0.088691637 0.012759549 0.999918580 -0.000315785 -0.178648084 -0.000300568 0.000319647 0.999999881 9.375547409
0.999934077 -0.011293367 0.002087375 -0.089800783 0.011297702 0.999933958 -0.002075103 -0.178287104 -0.002063802 0.002098549 0.999995649 9.413787842
0.999936163 -0.011222826 0.001290366 -0.089486971 0.011226255 0.999933362 -0.002680776 -0.179516435 -0.001260194 0.002695091 0.999995530 9.454019547
0.999946892 -0.010135692 0.001868275 -0.089802392 0.010142826 0.999941051 -0.003849378 -0.180206358 -0.001829149 0.003868124 0.999990821 9.492704391
0.999947965 -0.010027698 0.001842546 -0.089956790 0.010032936 0.999945521 -0.002856201 -0.181631505 -0.001813805 0.002874538 0.999994278 9.531814575
0.999955177 -0.009148394 0.002438077 -0.090974472 0.009155630 0.999953687 -0.002973813 -0.182101145 -0.002410758 0.002996002 0.999992609 9.571355820
0.999949396 -0.009622526 0.002921946 -0.091514111 0.009630319 0.999950111 -0.002664762 -0.182287991 -0.002896158 0.002692766 0.999992251 9.610374451
0.999971867 -0.006913590 0.002907372 -0.091776066 0.006924232 0.999969304 -0.003666358 -0.183571175 -0.002881934 0.003686385 0.999989033 9.650895119
0.999988675 -0.002940851 0.003762450 -0.092389569 0.002961036 0.999981165 -0.005370317 -0.184326172 -0.003746585 0.005381396 0.999978483 9.689963341
0.999979675 -0.005599582 0.003050185 -0.092181779 0.005611903 0.999976039 -0.004046235 -0.185336977 -0.003027456 0.004063271 0.999987185 9.728833199
0.999992847 -0.001177881 0.003596888 -0.092913337 0.001193355 0.999990046 -0.004303004 -0.186608404 -0.003591784 0.004307266 0.999984384 9.769213676
0.999987900 -0.003356305 0.003572275 -0.092901498 0.003368433 0.999988556 -0.003394500 -0.186637402 -0.003560841 0.003406493 0.999987841 9.807054520
